439554934
618260307
043965548X
439064864
618346252
439358078
439785960
743477111
61122416
307277674
385732554
142437204
143038419
64410935
1565125606
60929871
393978893
743454537
038549081X
450040186
439244196
141439475
074324754X
517189607
307275558
375751513
141439602
345418263
440498058
751529818
440242940
553381695
786856866
451528824
521618746
307265439
743477103
451525264
143038095
60531045
349113912
394800168
345339738
451207149
312422156
192833596
582418275
143037145
141439580
055358202X
312353766
031232118X
671727796
66238501
192802631
743227441
739461192
312360266
743269519
393327345
440227534
038572179X
61139378
60853980
743477545
142000655
385339089
241003008
156030306
385494785
61120073
553279378
618711651
385339704
451528557
452011876
140003468
143034901
451169514
307279464
91883768
671021001
61142026
743223136
60775858
1400033411
743477553
679785892
439227143
590032496
451216954
552135399
60899220
151009988
425134350
1416524517
451210859
805063897
140424385
743455967