5629932
4367341
2364968
2279854
2149872
2115562
2009749
1996446
1944099
1861140
1811259
1592632
1588890
1464909
1328143
1309623
1229902
1198632
1173739
1041597
991627
950402
932832
911271
844072
827747
752358
725384
724147
723487
705175
693045
673146
665242
651567
627194
599010
594249
583568
577429
574745
560816
559595
550264
547207
546269
539202
532629
530446
526111
523790
522946
519878
519245
491147
453899
439930
425928
425445
421344
408775
406585
388266
387431
384407
379669
379336
377685
373135
371813
358668
351882
340101
332849
327791
326733
326424
325230
323142
320900
311883
310177
309700
306069
293877
291489
288074
281643
264799
264047
264013
263625
261813
259867
259028
255627
254867
250693
246360